1716694499087 0.016264842823147774 1
1716694508044 -0.011054539121687412 3
1716694516948 -0.009766442701220512 5
1716694525872 -0.009996076114475727 7
1716694534785 -0.009360753931105137 9
1716694543684 -0.010136221535503864 11
1716694552648 -0.013436357490718365 13
1716694561559 -0.013497813604772091 15
1716694570455 -0.011577409692108631 17
1716694579385 -0.012373768724501133 19
1716694588402 -0.012429851107299328 21
1716694597393 -0.011245150119066238 23
1716694606451 -0.009150724858045578 25
