1716694680376 0.016264842823147774 1
1716694689094 -0.011054539121687412 3
1716694697832 -0.009766442701220512 5
1716694706801 -0.009996076114475727 7
1716694715734 -0.009360753931105137 9
1716694724740 -0.010136221535503864 11
1716694733776 -0.013436357490718365 13
1716694742736 -0.013497813604772091 15
1716694751733 -0.011577409692108631 17
1716694760755 -0.012373768724501133 19
1716694769775 -0.012429851107299328 21
1716694778819 -0.011245150119066238 23
1716694787911 -0.009150724858045578 25
